4 -0.000000000000000 -0.000000000000000
1504 0.000000000000027 0.000000000000001
3004 -0.000000000000088 0.000000000000002
4504 -0.000000000000073 0.000000000000000
6004 0.000000000000125 -0.000000000000005
7504 -0.000000000000313 0.000000000000006
9004 0.000000000000194 0.000000000000000
10504 0.000000000000405 -0.000000000000001
12004 -0.000000000000426 -0.000000000000001
13504 0.000000000000714 -0.000000000000001
15004 0.000000000000628 -0.000000000000011
16504 -0.000000000000128 -0.000000000000005
18004 0.000000000000302 -0.000000000000004
19504 -0.000000000000957 0.000000000000008
21004 0.000000000000599 -0.000000000000002
22504 -0.000000000000366 -0.000000000000003
24004 0.000000000001179 -0.000000000000009
25504 0.000000000001342 -0.000000000000004
27004 0.000000000001214 0.000000000000007
28504 0.000000000000656 -0.000000000000001
30004 0.000000000000543 -0.000000000000003
31504 0.000000000001007 -0.000000000000008
33004 0.000000000000507 -0.000000000000011
34504 0.000000000000201 -0.000000000000010
36004 0.000000000001849 -0.000000000000013
37504 0.000000000002048 -0.000000000000002
39004 -0.000000000001083 0.000000000000004
40504 0.000000000001199 0.000000000000012
42004 0.000000000000727 0.000000000000005
43504 0.000000000001316 -0.000000000000002
45004 -0.000000000002358 0.000000000000001
46504 0.000000000000478 0.000000000000004
48004 0.000000000001022 -0.000000000000007
49504 0.000000000001261 -0.000000000000006
51004 -0.000000000000467 -0.000000000000000
52504 0.000000000001201 -0.000000000000007
54004 -0.000000000001750 -0.000000000000004
55504 -0.000000000002278 -0.000000000000013
57004 -0.000000000000223 -0.000000000000006
58504 -0.000000000000554 -0.000000000000008
60004 -0.000000000000244 -0.000000000000004
61504 -0.000000000001840 0.000000000000002
63004 0.000000000001262 -0.000000000000007
64504 0.000000000000106 0.000000000000022
66004 -0.000000000002268 -0.000000000000004
67504 -0.000000000001116 0.000000000000019
69004 0.000000000001587 0.000000000000011
70504 -0.000000000000681 0.000000000000012
72004 -0.000000000000134 -0.000000000000011
73504 -0.000000000003224 -0.000000000000008
75004 0.000000000003182 -0.000000000000017
76504 -0.000000000002039 -0.000000000000002
78004 -0.000000000003705 0.000000000000002
79504 -0.000000000001811 -0.000000000000009
81004 0.000000000001658 -0.000000000000001
82504 0.000000000001958 0.000000000000007
84004 -0.000000000003858 0.000000000000001
85504 0.000000000002878 -0.000000000000037
87004 0.000000000003650 -0.000000000000016
88504 -0.000000000001061 0.000000000000003
90004 0.000000000003808 0.000000000000020
91504 -0.000000000003737 0.000000000000001
93004 0.000000000000203 0.000000000000013
94504 0.000000000002436 -0.000000000000017
96004 0.000000000001921 0.000000000000004
97504 -0.000000000003547 0.000000000000001
99004 -0.000000000003211 0.000000000000003
