4 -0.000000000000000 -0.000000000000000
1504 0.000000000000028 0.000000000000004
3004 -0.000000000000088 -0.000000000000001
4504 -0.000000000000077 -0.000000000000001
6004 0.000000000000116 -0.000000000000006
7504 -0.000000000000311 0.000000000000003
9004 0.000000000000194 -0.000000000000001
10504 0.000000000000398 -0.000000000000001
12004 -0.000000000000426 0.000000000000006
13504 0.000000000000710 -0.000000000000007
15004 0.000000000000636 -0.000000000000007
16504 -0.000000000000132 -0.000000000000004
18004 0.000000000000304 -0.000000000000007
19504 -0.000000000000954 0.000000000000013
21004 0.000000000000592 0.000000000000004
22504 -0.000000000000360 -0.000000000000007
24004 0.000000000001183 -0.000000000000010
25504 0.000000000001337 0.000000000000003
27004 0.000000000001224 -0.000000000000002
28504 0.000000000000654 -0.000000000000004
30004 0.000000000000541 0.000000000000004
31504 0.000000000001020 0.000000000000011
33004 0.000000000000502 -0.000000000000009
34504 0.000000000000203 -0.000000000000004
36004 0.000000000001851 -0.000000000000035
37504 0.000000000002031 0.000000000000009
39004 -0.000000000001101 -0.000000000000001
40504 0.000000000001199 0.000000000000004
42004 0.000000000000721 0.000000000000008
43504 0.000000000001324 -0.000000000000000
45004 -0.000000000002363 -0.000000000000015
46504 0.000000000000467 0.000000000000002
48004 0.000000000001033 -0.000000000000014
49504 0.000000000001267 -0.000000000000000
51004 -0.000000000000473 -0.000000000000004
52504 0.000000000001202 0.000000000000026
54004 -0.000000000001754 -0.000000000000015
55504 -0.000000000002299 -0.000000000000006
57004 -0.000000000000225 -0.000000000000011
58504 -0.000000000000553 -0.000000000000014
60004 -0.000000000000248 0.000000000000006
61504 -0.000000000001838 0.000000000000004
63004 0.000000000001256 -0.000000000000018
64504 0.000000000000103 0.000000000000029
66004 -0.000000000002274 -0.000000000000009
67504 -0.000000000001114 0.000000000000017
69004 0.000000000001595 0.000000000000010
70504 -0.000000000000675 0.000000000000010
72004 -0.000000000000140 0.000000000000000
73504 -0.000000000003231 -0.000000000000033
75004 0.000000000003206 -0.000000000000032
76504 -0.000000000002031 0.000000000000004
78004 -0.000000000003739 -0.000000000000031
79504 -0.000000000001823 -0.000000000000004
81004 0.000000000001656 -0.000000000000007
82504 0.000000000001962 0.000000000000008
84004 -0.000000000003869 -0.000000000000001
85504 0.000000000002867 -0.000000000000038
87004 0.000000000003669 0.000000000000018
88504 -0.000000000001039 -0.000000000000004
90004 0.000000000003822 0.000000000000025
91504 -0.000000000003749 0.000000000000014
93004 0.000000000000205 0.000000000000015
94504 0.000000000002448 0.000000000000028
96004 0.000000000001917 -0.000000000000027
97504 -0.000000000003529 0.000000000000015
99004 -0.000000000003202 -0.000000000000006
